9.310963629894339899e-01
9.721012141996477895e-01
9.770292621848479797e-01
9.817257936692928011e-01
9.790587202722366156e-01
9.845558357043171505e-01
9.804383964124173678e-01
9.823659187171859264e-01
9.834946333934435625e-01
9.842289539439182944e-01
9.848128491187894129e-01
9.793385499160776053e-01
9.764479655411122394e-01
9.834202237846246808e-01
9.826921886605595180e-01
9.814942270959160497e-01
9.852171637885923650e-01
9.843047085874238045e-01
9.838084908583824006e-01
9.847927473102556784e-01
9.842625726268805497e-01
9.858007773184063183e-01
9.837340493859642043e-01
9.791876649406405786e-01
9.834643972853602811e-01
9.856689741393280801e-01
9.844470977930130928e-01
9.825705193226428324e-01
9.846438625583279203e-01
9.814513279773883214e-01
9.842732265800262503e-01
9.825135266183838700e-01
9.841578654808226245e-01
9.806941766293868490e-01
9.801008450009252027e-01
9.852007480433125908e-01
9.843410278947124503e-01
9.858806235735561030e-01
9.839261760488459130e-01
9.839497395793085355e-01
9.817990058084978822e-01
9.839694773926555005e-01
9.816432215180089793e-01
9.834463163421300891e-01
9.851023779340017938e-01
9.857788522987134261e-01
9.825099058940068852e-01
9.820968692792205745e-01
9.853638170051880474e-01
9.824788645001163445e-01
8.899237933954275981e-01
9.658662973452428746e-01
9.727118604705171645e-01
9.804768191348917084e-01
9.828972440395965515e-01
9.849528280036440320e-01
9.829886899442201731e-01
9.789000023314914367e-01
9.843053836633662845e-01
9.850509469273958096e-01
9.807252380363546962e-01
9.799716412619637884e-01
9.829127802829081828e-01
9.785524474424893704e-01
9.801073692979344054e-01
9.843226893860681503e-01
9.837871640661792760e-01
9.847528511242457094e-01
9.841514162399641608e-01
9.813549409791156863e-01
9.845804639710691308e-01
9.832215543849063266e-01
9.860237542156401469e-01
9.806218008600523506e-01
9.860021012298374465e-01
9.854153603195615618e-01
9.852352602266180037e-01
9.801984778736496651e-01
9.840290550136195913e-01
9.824345074682425683e-01
9.829471833158511807e-01
9.849258655458289491e-01
9.850772770083530139e-01
9.818651048145944360e-01
9.808172504725677365e-01
9.832748312439729688e-01
9.805805603317487851e-01
9.812617017655159701e-01
9.853403873493835619e-01
9.850118836562952174e-01
9.828117536479761274e-01
9.849154044783596795e-01
9.801948682116377043e-01
9.845165959609181172e-01
9.821456538762725064e-01
9.850924085004989506e-01
9.836145210042563924e-01
9.822989729700533079e-01
9.859034039065278643e-01
9.831726664493394274e-01
9.511310960795353875e-01
9.708417908604681790e-01
9.776484949626058629e-01
9.768857385006548544e-01
9.801335739515369960e-01
9.776733436055470294e-01
9.854262265806371657e-01
9.822193460910295659e-01
9.837329826732673643e-01
9.844447366589057502e-01
9.783500120148519441e-01
9.795881979006775264e-01
9.836433885550364131e-01
9.816165989937668535e-01
9.819228750501713954e-01
9.840485492363996167e-01
9.848153003778823411e-01
9.814165092339129925e-01
9.829489943085774062e-01
9.825588609361913806e-01
9.805920058285988450e-01
9.833303556863993711e-01
9.821218773188226114e-01
9.810627123880135692e-01
9.789253712928548401e-01
9.836587633658763208e-01
9.794720051782329628e-01
9.847477028741143945e-01
9.841703731158882862e-01
9.812921101172330518e-01
9.875671965262191598e-01
9.832367406312775282e-01
9.866414123915336898e-01
9.773891606640729979e-01
9.856638559602903804e-01
9.819700118191438953e-01
9.868307844945858331e-01
9.813981885065998778e-01
9.834641363534839531e-01
9.793882004580399814e-01
9.852320999815304958e-01
9.827126840386866125e-01
9.823833957735536027e-01
9.851674456332805141e-01
9.837766531922115254e-01
9.797402356290273451e-01
9.830419634323066536e-01
9.839072289994360565e-01
9.782337682449959715e-01
9.837174077680407303e-01
8.354223348758613721e-01
9.581327791212441713e-01
9.715657026262500828e-01
9.760531160218440805e-01
9.800621079627970245e-01
9.781736814394995649e-01
9.846259363151567134e-01
9.858206939137817981e-01
9.808580909260062874e-01
9.793045398735106266e-01
9.872736966549989779e-01
9.826245013016220442e-01
9.853675424087394719e-01
9.807210079871215846e-01
9.849360807531186701e-01
9.834916064919083656e-01
9.827147002008665977e-01
9.818963723382118092e-01
9.845834041698221517e-01
9.819542593823934462e-01
9.837541925286248379e-01
9.831218726278446729e-01
9.834229425241250988e-01
9.817897579964863786e-01
9.840629785531246343e-01
9.850794530672579707e-01
9.823545736266785511e-01
9.816049631016291466e-01
9.848510572619231240e-01
9.844265326880990985e-01
9.826059504743132056e-01
9.814221258868109921e-01
9.828095208807430261e-01
9.789038963840754892e-01
9.857400652716452605e-01
9.832200001543698331e-01
9.817047238310276924e-01
9.816701866896880846e-01
9.828623109984230277e-01
9.847285810242196735e-01
9.800617063830446840e-01
9.850961464324815564e-01
9.811362987318714701e-01
9.815623483745754552e-01
9.818941074950690018e-01
9.835461518852401941e-01
9.840366291300581825e-01
9.845572671229702033e-01
9.829661488953523873e-01
9.778734388524792376e-01
9.103477556061599918e-01
9.665335395649129469e-01
9.754954927142504006e-01
9.746986181671963845e-01
9.845494025717569375e-01
9.792405494556548629e-01
9.784149710150565893e-01
9.813518186822985934e-01
9.841164125241042004e-01
9.826978136889464865e-01
9.786454686069150366e-01
9.816805930231659039e-01
9.818324522726747938e-01
9.862926289246286560e-01
9.814403577762356168e-01
9.843758464050517132e-01
9.807678820513220375e-01
9.854313522851722018e-01
9.825577339007883770e-01
9.839248337847821269e-01
9.822980912121842545e-01
9.835006229830440816e-01
9.802816031141627917e-01
9.774516932502049782e-01
9.855314026437020924e-01
9.826606552820924545e-01
9.794977369634444431e-01
9.820441241290781553e-01
9.790877452339153963e-01
9.845999459647226670e-01
9.852602558277436806e-01
9.857491919644928435e-01
9.806105896010640643e-01
9.844425437481217900e-01
9.862360630526720850e-01
9.807331588819674373e-01
9.837848282258375709e-01
9.793858905819095018e-01
9.830509784524067429e-01
9.833732530288584739e-01
9.829012514132002831e-01
9.819334192906964409e-01
9.834579019853612047e-01
9.837764828464476974e-01
9.796757409644151204e-01
9.822922927550973293e-01
9.852749806351664974e-01
9.886450536463281535e-01
9.843022942800667696e-01
9.847100488999449563e-01
