3.692737430167598034e-01
3.572319201995012294e-01
2.863905325443786842e-01
3.571428571428571508e-01
2.734177215189873555e-01
4.263959390862944177e-01
5.233160621761657749e-01
4.008138351983723258e-01
1.876071516042125964e-01
4.529914529914529919e-01
3.954895489548954646e-01
3.278963780283041252e-01
4.199623352165725021e-01
5.481481481481481621e-01
3.547149122807017330e-01
3.617262918796138593e-01
5.169039145907473598e-01
7.202323330106485955e-01
3.905622489959839627e-01
5.917107583774250390e-01
5.536823425022182610e-01
6.706806282722512780e-01
3.810298102981029555e-01
4.050862851952770072e-01
5.027027027027026751e-01
5.847287340924313126e-01
5.871121718377088072e-01
5.195007800312012591e-01
6.852505292872265175e-01
5.308924485125857684e-01
5.621531631520533256e-01
5.896762904636920766e-01
5.615284974093264214e-01
6.153305203938115309e-01
6.673976608187134341e-01
6.363636363636363535e-01
6.313868613138685637e-01
5.239405613648872029e-01
4.690721649484536071e-01
5.288115246098439304e-01
5.068299576071596535e-01
6.327102803738318126e-01
7.381796690307328435e-01
5.804375804375804249e-01
7.884405670665212140e-01
6.008368200836819994e-01
5.727370689655172376e-01
4.359925788497217014e-01
5.544668587896253165e-01
5.891690009337068323e-01
5.800344234079173322e-01
2.488226059654631006e-01
4.306068601583113442e-01
3.466550825369243971e-01
3.355329949238578524e-01
3.893919793014230524e-01
5.203761755485893925e-01
3.130471029595665033e-01
4.235491071428571508e-01
4.939073923639317742e-01
3.958333333333333148e-01
5.252679938744256871e-01
4.057692307692307709e-01
3.491490458999484403e-01
4.775596072931276304e-01
5.627743634767339298e-01
2.478964401294498354e-01
4.660786974219809919e-01
4.882418812989921530e-01
5.608228980322003121e-01
5.167118337850045151e-01
4.763757643135074771e-01
6.093645484949832269e-01
4.815533980582524243e-01
6.194581280788177269e-01
4.464379947229551449e-01
6.120401337792642504e-01
5.104693140794224204e-01
4.572977858111161309e-01
4.388523047977422320e-01
5.663841807909604231e-01
4.838905775075987847e-01
5.052015604681404648e-01
4.948578342407743413e-01
3.707820563715760187e-01
6.371803731859018161e-01
4.419519874065328535e-01
5.225522552255225106e-01
4.666099532113994197e-01
4.692590646347871708e-01
4.686028257456829049e-01
6.005983545250560551e-01
4.525805028672253982e-01
7.506297229219143219e-01
4.730130486358244402e-01
5.035931453841901995e-01
5.736994219653178684e-01
6.766101694915254150e-01
4.788571428571428701e-01
4.306177260519247763e-01
3.974630021141649094e-01
3.060545575515635219e-01
3.420731707317073433e-01
5.569422776911076012e-01
6.244665718349928785e-01
5.786163522012578442e-01
3.663887670030715471e-01
4.029968454258675004e-01
4.380580357142856984e-01
4.796203238414293857e-01
4.682808716707022034e-01
4.504331087584215743e-01
3.665436654366543423e-01
4.551131928181108566e-01
5.270448548812665113e-01
5.437580437580437076e-01
5.613409415121255464e-01
5.465032444124008348e-01
4.563152896486230015e-01
4.646892655367231839e-01
4.461763273258645968e-01
4.723768736616702490e-01
5.483490566037735325e-01
4.874371859296482423e-01
6.007194244604316946e-01
5.198807157057654393e-01
5.015408320493066618e-01
6.398876404494382442e-01
5.019132653061224580e-01
4.943371085942704912e-01
6.353356890459364026e-01
5.615720524017466797e-01
6.311818943839061502e-01
6.606156274664561900e-01
5.842105263157895134e-01
5.872917951881554410e-01
4.497328800388538106e-01
5.453460620525060198e-01
6.163828061638280120e-01
6.443484521238300733e-01
7.260638297872340496e-01
5.587748344370860876e-01
6.799259944495836816e-01
6.588813767670559374e-01
6.198060941828255066e-01
5.402554136590782541e-01
6.074626865671641784e-01
6.226299694189602052e-01
5.262065386611313178e-01
5.994011976047903811e-01
5.147842947164323890e-01
3.715680292861500700e-01
3.274021352313167266e-01
5.502815768302493638e-01
3.944444444444444309e-01
4.650313152400835093e-01
5.305810397553516466e-01
4.765985497692814543e-01
4.616858237547892818e-01
5.092063492063492181e-01
5.256797583081570524e-01
6.596434359805510850e-01
5.087396504139833908e-01
3.959227467811158863e-01
4.970414201183431802e-01
5.238605898123324112e-01
6.140969162995594255e-01
5.633055344958302069e-01
5.438175270108043247e-01
4.163783160322952481e-01
4.669571532316630358e-01
5.345177664974619658e-01
4.578397212543554029e-01
4.109736417428724864e-01
6.687444345503116283e-01
5.920608108108108558e-01
5.762962962962963065e-01
5.789766407119021352e-01
5.770777479892761352e-01
6.953846153846153788e-01
6.216666666666667007e-01
7.044284243048403171e-01
5.789999999999999591e-01
4.552529182879377356e-01
6.505312868949232330e-01
6.093853271645737202e-01
5.923384791309319608e-01
7.025411061285500303e-01
4.707259953161592736e-01
6.475145255003227351e-01
5.655737704918032405e-01
5.400291120815138290e-01
5.784248841826604703e-01
6.452400325467859687e-01
6.546874999999999778e-01
5.447807288449659779e-01
5.377252252252252562e-01
6.635916359163591682e-01
5.694444444444444198e-01
6.940476190476190244e-01
4.702030124426980762e-01
5.120428189116860151e-01
3.583776595744680993e-01
4.123358081096516470e-01
4.633635729239358181e-01
4.563862928348909609e-01
3.773953852170512380e-01
5.225653206650830995e-01
3.511568123393316032e-01
4.132618888144675151e-01
4.915405164737310928e-01
4.303350970017636445e-01
5.964125560538116044e-01
5.210843373493976305e-01
4.971056439942113103e-01
4.634937804218496327e-01
5.471766848816028705e-01
6.148936170212766505e-01
4.289156626506024361e-01
7.517857142857142794e-01
6.080066722268556711e-01
5.557951482479784877e-01
4.821763602251407099e-01
5.083612040133779209e-01
5.935178933153274494e-01
3.779220779220779369e-01
5.975344452501812897e-01
4.199430199430199684e-01
5.317725752508360992e-01
4.977079240340536725e-01
6.013125512715340459e-01
5.549828178694158343e-01
6.873126873126873537e-01
6.054054054054054390e-01
7.035225048923678948e-01
6.139198949441890818e-01
5.245998814463544990e-01
5.540540540540540571e-01
5.148456057007125830e-01
5.215705283567619865e-01
5.651402200922968078e-01
5.563198624247635005e-01
4.665936473165389065e-01
5.746516257465162925e-01
4.697286012526096233e-01
6.240369799691833919e-01
4.908722109533468769e-01
6.057036577805331445e-01
6.961063627730293968e-01
4.540088539104771281e-01
